Resolution: 64
A: 1.36411
B: 1.62802
C: 1.05194
